Model score:
0.88312

Classification report:
             precision    recall  f1-score   support

          0       0.83      0.91      0.87        11
          1       1.00      1.00      1.00         8
          2       1.00      0.80      0.89         5
          3       0.83      1.00      0.91         5
          4       1.00      1.00      1.00         6
          5       0.89      1.00      0.94         8
          6       1.00      0.92      0.96        13
          7       1.00      1.00      1.00         6
          8       1.00      0.50      0.67         6
          9       0.89      0.80      0.84        10
         10       0.82      0.75      0.78        12
         11       1.00      0.83      0.91         6
         12       0.86      0.86      0.86         7
         13       0.67      1.00      0.80         4
         14       0.67      0.75      0.71         8
         15       1.00      0.83      0.91        12
         16       0.89      1.00      0.94         8
         17       0.86      1.00      0.92         6
         18       0.75      1.00      0.86         6
         19       0.86      0.86      0.86         7

avg / total       0.90      0.88      0.88       154


