Model score:
0.88961

Classification report:
             precision    recall  f1-score   support

          0       1.00      0.55      0.71        11
          1       1.00      1.00      1.00         8
          2       1.00      1.00      1.00         5
          3       0.83      1.00      0.91         5
          4       1.00      1.00      1.00         6
          5       1.00      1.00      1.00         8
          6       1.00      0.92      0.96        13
          7       1.00      0.83      0.91         6
          8       0.80      0.67      0.73         6
          9       0.83      1.00      0.91        10
         10       0.67      0.83      0.74        12
         11       1.00      1.00      1.00         6
         12       1.00      0.86      0.92         7
         13       0.67      1.00      0.80         4
         14       0.75      0.75      0.75         8
         15       1.00      0.83      0.91        12
         16       0.78      0.88      0.82         8
         17       0.86      1.00      0.92         6
         18       1.00      1.00      1.00         6
         19       0.88      1.00      0.93         7

avg / total       0.91      0.89      0.89       154


